E: 1329854843.981073 0001 0110 1
E: 1329854843.981077 0000 0000 0
E: 1329854844.128029 0001 0110 0
E: 1329854844.128033 0000 0000 0
